1.313590E+4	-3.570000E-8
1.313580E+4	-7.600000E-9
1.313570E+4	-7.390000E-8
1.313560E+4	-3.060000E-8
1.313550E+4	-7.140000E-8
1.313540E+4	-9.430000E-8
1.313530E+4	-6.880000E-8
1.313520E+4	-2.290000E-8
1.313510E+4	-4.330000E-8
1.313500E+4	-2.290000E-8
1.313490E+4	-7.600000E-9
1.313480E+4	-1.198000E-7
1.313470E+4	-4.840000E-8
1.313460E+4	-7.390000E-8
1.313450E+4	-2.800000E-8
1.313440E+4	-1.147000E-7
1.313430E+4	-8.410000E-8
1.313420E+4	-9.430000E-8
1.313410E+4	-1.147000E-7
1.313400E+4	-1.453000E-7
1.313390E+4	-1.606000E-7
1.313380E+4	-2.472000E-7
1.313370E+4	-2.472000E-7
1.313360E+4	-3.542000E-7
1.313350E+4	-5.505000E-7
1.313340E+4	-7.442000E-7
1.313330E+4	-8.512000E-7
1.313320E+4	-1.218200E-6
1.313310E+4	-1.508700E-6
1.313300E+4	-2.247800E-6
1.313290E+4	-2.724400E-6
1.313280E+4	-3.861000E-6
1.313270E+4	-4.796300E-6
1.313260E+4	-6.692400E-6
1.313250E+4	-8.259800E-6
1.313240E+4	-9.941800E-6
1.313230E+4	-1.320650E-5
1.313220E+4	-1.550520E-5
1.313210E+4	-1.881070E-5
1.313200E+4	-2.034490E-5
1.313190E+4	-2.262330E-5
1.313180E+4	-2.303870E-5
1.313170E+4	-2.334450E-5
1.313160E+4	-2.283730E-5
1.313150E+4	-2.217980E-5
1.313140E+4	-1.945800E-5
1.313130E+4	-1.741920E-5
1.313120E+4	-1.379010E-5
1.313110E+4	-1.156520E-5
1.313100E+4	-8.463700E-6
1.313090E+4	-7.084900E-6
1.313080E+4	-5.683200E-6
1.313070E+4	-3.929800E-6
1.313060E+4	-3.269800E-6
1.313050E+4	-2.293700E-6
1.313040E+4	-1.921600E-6
1.313030E+4	-1.363500E-6
1.313020E+4	-1.259000E-6
1.313010E+4	-1.032200E-6
1.313000E+4	-9.149000E-7
1.312990E+4	-9.175000E-7
1.312980E+4	-8.843000E-7
1.312970E+4	-9.735001E-7
1.312960E+4	-1.057600E-6
1.312950E+4	-1.118800E-6
1.312940E+4	-1.424600E-6
1.312930E+4	-1.626000E-6
1.312920E+4	-1.868100E-6
1.312910E+4	-2.523000E-6
1.312900E+4	-2.856900E-6
1.312890E+4	-3.848300E-6
1.312880E+4	-4.449700E-6
1.312870E+4	-5.927900E-6
1.312860E+4	-7.334700E-6
1.312850E+4	-9.867900E-6
1.312840E+4	-1.163910E-5
1.312830E+4	-1.385380E-5
1.312820E+4	-1.769440E-5
1.312810E+4	-1.950900E-5
1.312800E+4	-2.254930E-5
1.312790E+4	-2.347700E-5
1.312780E+4	-2.422370E-5
1.312770E+4	-2.414470E-5
1.312760E+4	-2.321450E-5
1.312750E+4	-2.219260E-5
1.312740E+4	-2.068640E-5
1.312730E+4	-1.753130E-5
1.312720E+4	-1.497770E-5
1.312710E+4	-1.114470E-5
1.312700E+4	-9.284300E-6
1.312690E+4	-6.259200E-6
1.312680E+4	-5.153100E-6
1.312670E+4	-4.126100E-6
1.312660E+4	-2.752400E-6
1.312650E+4	-2.191700E-6
1.312640E+4	-1.485800E-6
1.312630E+4	-1.276800E-6
1.312620E+4	-9.582000E-7
1.312610E+4	-8.716000E-7
1.312600E+4	-6.932000E-7
1.312590E+4	-6.907000E-7
1.312580E+4	-6.015000E-7
1.312570E+4	-4.307000E-7
1.312560E+4	-3.186000E-7
1.312550E+4	-3.797000E-7
1.312540E+4	-3.746000E-7
1.312530E+4	-3.058000E-7
1.312520E+4	-2.829000E-7
1.312510E+4	-2.421000E-7
1.312500E+4	-2.192000E-7
1.312490E+4	-1.835000E-7
1.312480E+4	-1.223000E-7
1.312470E+4	-1.376000E-7
1.312460E+4	-9.170000E-8
1.312450E+4	-1.402000E-7
1.312440E+4	-6.630000E-8
1.312430E+4	-8.160000E-8
1.312420E+4	-1.530000E-8
1.312410E+4	-6.120000E-8
1.312400E+4	-2.800000E-8
1.312390E+4	-4.590000E-8
1.312380E+4	-4.590000E-8
